date,count,package,cum_count
2020-11-23,12,mikropml,12
2020-11-24,12,mikropml,24
2020-11-25,13,mikropml,37
2020-11-26,8,mikropml,45
2020-11-27,21,mikropml,66
2020-11-28,14,mikropml,80
2020-11-29,12,mikropml,92
2020-11-30,16,mikropml,108
2020-12-01,20,mikropml,128
2020-12-02,15,mikropml,143
2020-12-03,28,mikropml,171
2020-12-04,25,mikropml,196
2020-12-05,32,mikropml,228
2020-12-06,22,mikropml,250
2020-12-07,25,mikropml,275
2020-12-08,8,mikropml,283
2020-12-09,28,mikropml,311
2020-12-10,22,mikropml,333
2020-12-11,22,mikropml,355
2020-12-12,19,mikropml,374
2020-12-13,17,mikropml,391
2020-12-14,14,mikropml,405
2020-12-15,12,mikropml,417
2020-12-16,5,mikropml,422
2020-12-17,16,mikropml,438
2020-12-18,16,mikropml,454
2020-12-19,12,mikropml,466
2020-12-20,9,mikropml,475
2020-12-21,8,mikropml,483
2020-12-22,15,mikropml,498
2020-12-23,14,mikropml,512
2020-12-24,11,mikropml,523
2020-12-25,8,mikropml,531
2020-12-26,9,mikropml,540
2020-12-27,10,mikropml,550
2020-12-28,14,mikropml,564
2020-12-29,12,mikropml,576
2020-12-30,14,mikropml,590
2020-12-31,8,mikropml,598
2021-01-01,9,mikropml,607
2021-01-02,11,mikropml,618
2021-01-03,9,mikropml,627
2021-01-04,8,mikropml,635
2021-01-05,8,mikropml,643
2021-01-06,18,mikropml,661
2021-01-07,10,mikropml,671
2021-01-08,8,mikropml,679
2021-01-09,7,mikropml,686
2021-01-10,8,mikropml,694
2021-01-11,13,mikropml,707
2021-01-12,9,mikropml,716
2021-01-13,13,mikropml,729
2021-01-14,14,mikropml,743
2021-01-15,8,mikropml,751
2021-01-16,7,mikropml,758
2021-01-17,10,mikropml,768
2021-01-18,5,mikropml,773
2021-01-19,8,mikropml,781
2021-01-20,13,mikropml,794
2021-01-21,10,mikropml,804
2021-01-22,3,mikropml,807
2021-01-23,11,mikropml,818
2021-01-24,6,mikropml,824
2021-01-25,12,mikropml,836
2021-01-26,7,mikropml,843
2021-01-27,20,mikropml,863
2021-01-28,4,mikropml,867
2021-01-29,10,mikropml,877
2021-01-30,13,mikropml,890
2021-01-31,11,mikropml,901
2021-02-01,11,mikropml,912
2021-02-02,12,mikropml,924
2021-02-03,12,mikropml,936
2021-02-04,12,mikropml,948
2021-02-05,9,mikropml,957
2021-02-06,15,mikropml,972
2021-02-07,13,mikropml,985
2021-02-08,9,mikropml,994
2021-02-09,10,mikropml,1004
2021-02-10,12,mikropml,1016
2021-02-11,16,mikropml,1032
2021-02-12,13,mikropml,1045
2021-02-13,14,mikropml,1059
2021-02-14,6,mikropml,1065
2021-02-15,25,mikropml,1090
2021-02-16,47,mikropml,1137
2021-02-17,13,mikropml,1150
2021-02-18,18,mikropml,1168
2021-02-19,17,mikropml,1185
2021-02-20,12,mikropml,1197
2021-02-21,12,mikropml,1209
2021-02-22,22,mikropml,1231
2021-02-23,4,mikropml,1235
2021-02-24,28,mikropml,1263
2021-02-25,16,mikropml,1279
2021-02-26,23,mikropml,1302
2021-02-27,12,mikropml,1314
2021-02-28,10,mikropml,1324
2021-03-01,13,mikropml,1337
2021-03-02,14,mikropml,1351
2021-03-03,18,mikropml,1369
2021-03-04,19,mikropml,1388
2021-03-05,15,mikropml,1403
2021-03-06,19,mikropml,1422
2021-03-07,13,mikropml,1435
2021-03-08,19,mikropml,1454
2021-03-09,13,mikropml,1467
2021-03-10,17,mikropml,1484
2021-03-11,12,mikropml,1496
2021-03-12,11,mikropml,1507
2021-03-13,15,mikropml,1522
2021-03-14,12,mikropml,1534
2021-03-15,13,mikropml,1547
2021-03-16,13,mikropml,1560
2021-03-17,18,mikropml,1578
2021-03-18,14,mikropml,1592
2021-03-19,5,mikropml,1597
2021-03-20,19,mikropml,1616
2021-03-21,7,mikropml,1623
2021-03-22,14,mikropml,1637
2021-03-23,7,mikropml,1644
2021-03-24,18,mikropml,1662
2021-03-25,8,mikropml,1670
2021-03-26,16,mikropml,1686
2021-03-27,2,mikropml,1688
2021-03-28,14,mikropml,1702
2021-03-29,8,mikropml,1710
2021-03-30,15,mikropml,1725
2021-03-31,12,mikropml,1737
2021-04-01,11,mikropml,1748
2021-04-02,3,mikropml,1751
2021-04-03,10,mikropml,1761
2021-04-04,7,mikropml,1768
2021-04-05,11,mikropml,1779
2021-04-06,6,mikropml,1785
2021-04-07,16,mikropml,1801
2021-04-08,17,mikropml,1818
2021-04-09,10,mikropml,1828
2021-04-10,13,mikropml,1841
2021-04-11,11,mikropml,1852
2021-04-12,15,mikropml,1867
2021-04-13,10,mikropml,1877
2021-04-14,18,mikropml,1895
2021-04-15,6,mikropml,1901
2021-04-16,13,mikropml,1914
2021-04-17,3,mikropml,1917
2021-04-18,15,mikropml,1932
2021-04-19,9,mikropml,1941
2021-04-20,18,mikropml,1959
2021-04-21,15,mikropml,1974
2021-04-22,21,mikropml,1995
2021-04-23,12,mikropml,2007
2021-04-24,15,mikropml,2022
2021-04-25,5,mikropml,2027
2021-04-26,17,mikropml,2044
2021-04-27,12,mikropml,2056
2021-04-28,12,mikropml,2068
2021-04-29,6,mikropml,2074
2021-04-30,7,mikropml,2081
2021-05-01,11,mikropml,2092
2021-05-02,9,mikropml,2101
2021-05-03,16,mikropml,2117
2021-05-04,25,mikropml,2142
2021-05-05,7,mikropml,2149
2021-05-06,20,mikropml,2169
2021-05-07,7,mikropml,2176
2021-05-08,9,mikropml,2185
2021-05-09,0,mikropml,2185
2021-05-10,12,mikropml,2197
2021-05-11,11,mikropml,2208
2021-05-12,29,mikropml,2237
2021-05-13,11,mikropml,2248
2021-05-14,33,mikropml,2281
2021-05-15,15,mikropml,2296
2021-05-16,29,mikropml,2325
2021-05-17,13,mikropml,2338
2021-05-18,37,mikropml,2375
2021-05-19,17,mikropml,2392
2021-05-20,35,mikropml,2427
2021-05-21,16,mikropml,2443
2021-05-22,27,mikropml,2470
2021-05-23,14,mikropml,2484
2021-05-24,10,mikropml,2494
2021-05-25,28,mikropml,2522
2021-05-26,15,mikropml,2537
2021-05-27,12,mikropml,2549
2021-05-28,15,mikropml,2564
2021-05-29,3,mikropml,2567
2021-05-30,16,mikropml,2583
2021-05-31,8,mikropml,2591
2021-06-01,15,mikropml,2606
2021-06-02,10,mikropml,2616
2021-06-03,12,mikropml,2628
2021-06-04,2,mikropml,2630
2021-06-05,7,mikropml,2637
2021-06-06,16,mikropml,2653
2021-06-07,3,mikropml,2656
2021-06-08,12,mikropml,2668
2021-06-09,18,mikropml,2686
2021-06-10,7,mikropml,2693
2021-06-11,11,mikropml,2704
2021-06-12,10,mikropml,2714
2021-06-13,8,mikropml,2722
2021-06-14,7,mikropml,2729
2021-06-15,17,mikropml,2746
2021-06-16,19,mikropml,2765
2021-06-17,11,mikropml,2776
2021-06-18,10,mikropml,2786
2021-06-19,5,mikropml,2791
2021-06-20,16,mikropml,2807
2021-06-21,16,mikropml,2823
2021-06-22,19,mikropml,2842
2021-06-23,14,mikropml,2856
2021-06-24,17,mikropml,2873
2021-06-25,6,mikropml,2879
2021-06-26,9,mikropml,2888
2021-06-27,7,mikropml,2895
2021-06-28,27,mikropml,2922
2021-06-29,9,mikropml,2931
2021-06-30,19,mikropml,2950
2021-07-01,15,mikropml,2965
2021-07-02,11,mikropml,2976
2021-07-03,13,mikropml,2989
2021-07-04,12,mikropml,3001
2021-07-05,19,mikropml,3020
2021-07-06,12,mikropml,3032
2021-07-07,19,mikropml,3051
2021-07-08,20,mikropml,3071
2021-07-09,10,mikropml,3081
2021-07-10,13,mikropml,3094
2021-07-11,9,mikropml,3103
2021-07-12,19,mikropml,3122
2021-07-13,13,mikropml,3135
2021-07-14,14,mikropml,3149
2021-07-15,9,mikropml,3158
2021-07-16,8,mikropml,3166
2021-07-17,14,mikropml,3180
2021-07-18,8,mikropml,3188
2021-07-19,4,mikropml,3192
2021-07-20,22,mikropml,3214
2021-07-21,15,mikropml,3229
2021-07-22,15,mikropml,3244
2021-07-23,6,mikropml,3250
2021-07-24,7,mikropml,3257
2021-07-25,7,mikropml,3264
2021-07-26,17,mikropml,3281
2021-07-27,9,mikropml,3290
2021-07-28,19,mikropml,3309
2021-07-29,7,mikropml,3316
2021-07-30,10,mikropml,3326
2021-07-31,2,mikropml,3328
2021-08-01,12,mikropml,3340
2021-08-02,5,mikropml,3345
2021-08-03,35,mikropml,3380
2021-08-04,106,mikropml,3486
2021-08-05,14,mikropml,3500
2021-08-06,10,mikropml,3510
2021-08-07,12,mikropml,3522
2021-08-08,6,mikropml,3528
2021-08-09,19,mikropml,3547
2021-08-10,18,mikropml,3565
2021-08-11,35,mikropml,3600
2021-08-12,21,mikropml,3621
2021-08-13,33,mikropml,3654
2021-08-14,3,mikropml,3657
2021-08-15,34,mikropml,3691
2021-08-16,14,mikropml,3705
2021-08-17,7,mikropml,3712
2021-08-18,17,mikropml,3729
2021-08-19,43,mikropml,3772
2021-08-20,13,mikropml,3785
2021-08-21,7,mikropml,3792
2021-08-22,9,mikropml,3801
2021-08-23,34,mikropml,3835
2021-08-24,10,mikropml,3845
2021-08-25,44,mikropml,3889
2021-08-26,10,mikropml,3899
2021-08-27,9,mikropml,3908
2021-08-28,35,mikropml,3943
2021-08-29,4,mikropml,3947
2021-08-30,8,mikropml,3955
2021-08-31,21,mikropml,3976
2021-09-01,21,mikropml,3997
2021-09-02,2,mikropml,3999
2021-09-03,20,mikropml,4019
2021-09-04,3,mikropml,4022
2021-09-05,2,mikropml,4024
2021-09-06,18,mikropml,4042
2021-09-07,11,mikropml,4053
2021-09-08,19,mikropml,4072
2021-09-09,10,mikropml,4082
2021-09-10,16,mikropml,4098
2021-09-11,4,mikropml,4102
2021-09-12,15,mikropml,4117
2021-09-13,7,mikropml,4124
2021-09-14,31,mikropml,4155
2021-09-15,24,mikropml,4179
2021-09-16,28,mikropml,4207
2021-09-17,9,mikropml,4216
2021-09-18,42,mikropml,4258
2021-09-19,5,mikropml,4263
2021-09-20,27,mikropml,4290
2021-09-21,7,mikropml,4297
2021-09-22,32,mikropml,4329
2021-09-23,7,mikropml,4336
2021-09-24,29,mikropml,4365
2021-09-25,5,mikropml,4370
2021-09-26,18,mikropml,4388
2021-09-27,24,mikropml,4412
2021-09-28,33,mikropml,4445
2021-09-29,21,mikropml,4466
2021-09-30,26,mikropml,4492
2021-10-01,14,mikropml,4506
2021-10-02,17,mikropml,4523
2021-10-03,6,mikropml,4529
2021-10-04,39,mikropml,4568
2021-10-05,29,mikropml,4597
2021-10-06,24,mikropml,4621
2021-10-07,12,mikropml,4633
2021-10-08,13,mikropml,4646
2021-10-09,15,mikropml,4661
2021-10-10,7,mikropml,4668
2021-10-11,21,mikropml,4689
2021-10-12,7,mikropml,4696
2021-10-13,22,mikropml,4718
2021-10-14,7,mikropml,4725
2021-10-15,13,mikropml,4738
2021-10-16,4,mikropml,4742
2021-10-17,17,mikropml,4759
2021-10-18,12,mikropml,4771
2021-10-19,14,mikropml,4785
2021-10-20,16,mikropml,4801
2021-10-21,13,mikropml,4814
2021-10-22,6,mikropml,4820
2021-10-23,16,mikropml,4836
2021-10-24,9,mikropml,4845
2021-10-25,28,mikropml,4873
2021-10-26,48,mikropml,4921
2021-10-27,84,mikropml,5005
2021-10-28,17,mikropml,5022
2021-10-29,20,mikropml,5042
2021-10-30,3,mikropml,5045
2021-10-31,16,mikropml,5061
2021-11-01,30,mikropml,5091
2021-11-02,32,mikropml,5123
2021-11-03,25,mikropml,5148
2021-11-04,29,mikropml,5177
2021-11-05,18,mikropml,5195
2021-11-06,24,mikropml,5219
2021-11-07,29,mikropml,5248
2021-11-08,75,mikropml,5323
2021-11-09,47,mikropml,5370
2021-11-10,98,mikropml,5468
2021-11-11,62,mikropml,5530
2021-11-12,35,mikropml,5565
2021-11-13,35,mikropml,5600
2021-11-14,13,mikropml,5613
2021-11-15,23,mikropml,5636
2021-11-16,18,mikropml,5654
2021-11-17,33,mikropml,5687
2021-11-18,12,mikropml,5699
2021-11-19,34,mikropml,5733
2021-11-20,6,mikropml,5739
2021-11-21,47,mikropml,5786
2021-11-22,12,mikropml,5798
2021-11-23,31,mikropml,5829
2021-11-24,22,mikropml,5851
2021-11-25,29,mikropml,5880
2021-11-26,8,mikropml,5888
2021-11-27,19,mikropml,5907
2021-11-28,5,mikropml,5912
2021-11-29,28,mikropml,5940
2021-11-30,13,mikropml,5953
2021-12-01,27,mikropml,5980
2021-12-02,20,mikropml,6000
2021-12-03,18,mikropml,6018
2021-12-04,5,mikropml,6023
2021-12-05,4,mikropml,6027
2021-12-06,20,mikropml,6047
2021-12-07,10,mikropml,6057
2021-12-08,23,mikropml,6080
2021-12-09,22,mikropml,6102
2021-12-10,14,mikropml,6116
2021-12-11,12,mikropml,6128
2021-12-12,6,mikropml,6134
2021-12-13,14,mikropml,6148
2021-12-14,14,mikropml,6162
2021-12-15,30,mikropml,6192
2021-12-16,10,mikropml,6202
2021-12-17,16,mikropml,6218
2021-12-18,4,mikropml,6222
2021-12-19,14,mikropml,6236
2021-12-20,8,mikropml,6244
2021-12-21,20,mikropml,6264
2021-12-22,15,mikropml,6279
2021-12-23,16,mikropml,6295
2021-12-24,13,mikropml,6308
2021-12-25,3,mikropml,6311
2021-12-26,10,mikropml,6321
2021-12-27,8,mikropml,6329
2021-12-28,13,mikropml,6342
2021-12-29,17,mikropml,6359
2021-12-30,13,mikropml,6372
2021-12-31,10,mikropml,6382
2022-01-01,5,mikropml,6387
2022-01-02,4,mikropml,6391
2022-01-03,1,mikropml,6392
2022-01-04,11,mikropml,6403
2022-01-05,18,mikropml,6421
2022-01-06,8,mikropml,6429
2022-01-07,6,mikropml,6435
2022-01-08,2,mikropml,6437
2022-01-09,9,mikropml,6446
2022-01-10,4,mikropml,6450
2022-01-11,18,mikropml,6468
2022-01-12,15,mikropml,6483
2022-01-13,20,mikropml,6503
2022-01-14,13,mikropml,6516
2022-01-15,14,mikropml,6530
2022-01-16,3,mikropml,6533
2022-01-17,5,mikropml,6538
2022-01-18,9,mikropml,6547
2022-01-19,13,mikropml,6560
2022-01-20,14,mikropml,6574
2022-01-21,4,mikropml,6578
2022-01-22,13,mikropml,6591
2022-01-23,5,mikropml,6596
2022-01-24,26,mikropml,6622
2022-01-25,11,mikropml,6633
2022-01-26,7,mikropml,6640
2022-01-27,9,mikropml,6649
2022-01-28,9,mikropml,6658
2022-01-29,4,mikropml,6662
2022-01-30,19,mikropml,6681
2022-01-31,29,mikropml,6710
2022-02-01,25,mikropml,6735
2022-02-02,9,mikropml,6744
2022-02-03,11,mikropml,6755
2022-02-04,25,mikropml,6780
2022-02-05,11,mikropml,6791
2022-02-06,54,mikropml,6845
2022-02-07,16,mikropml,6861
2022-02-08,73,mikropml,6934
2022-02-09,32,mikropml,6966
2022-02-10,28,mikropml,6994
2022-02-11,15,mikropml,7009
2022-02-12,24,mikropml,7033
2022-02-13,5,mikropml,7038
2022-02-14,31,mikropml,7069
2022-02-15,6,mikropml,7075
2022-02-16,43,mikropml,7118
2022-02-17,8,mikropml,7126
2022-02-18,19,mikropml,7145
2022-02-19,1,mikropml,7146
2022-02-20,2,mikropml,7148
2022-02-21,13,mikropml,7161
2022-02-22,2,mikropml,7163
2022-02-23,33,mikropml,7196
2022-02-24,6,mikropml,7202
2022-02-25,15,mikropml,7217
2022-02-26,5,mikropml,7222
2022-02-27,11,mikropml,7233
2022-02-28,6,mikropml,7239
2022-03-01,24,mikropml,7263
2022-03-02,25,mikropml,7288
2022-03-03,15,mikropml,7303
2022-03-04,8,mikropml,7311
2022-03-05,15,mikropml,7326
2022-03-06,10,mikropml,7336
2022-03-07,23,mikropml,7359
2022-03-08,13,mikropml,7372
2022-03-09,36,mikropml,7408
2022-03-10,13,mikropml,7421
2022-03-11,16,mikropml,7437
2022-03-12,7,mikropml,7444
2022-03-13,20,mikropml,7464
2022-03-14,8,mikropml,7472
2022-03-15,25,mikropml,7497
2022-03-16,20,mikropml,7517
2022-03-17,14,mikropml,7531
2022-03-18,8,mikropml,7539
2022-03-19,10,mikropml,7549
2022-03-20,6,mikropml,7555
2022-03-21,17,mikropml,7572
2022-03-22,6,mikropml,7578
2022-03-23,36,mikropml,7614
2022-03-24,9,mikropml,7623
2022-03-25,15,mikropml,7638
2022-03-26,10,mikropml,7648
2022-03-27,16,mikropml,7664
2022-03-28,14,mikropml,7678
2022-03-29,19,mikropml,7697
2022-03-30,26,mikropml,7723
2022-03-31,16,mikropml,7739
2022-04-01,9,mikropml,7748
2022-04-02,14,mikropml,7762
2022-04-03,3,mikropml,7765
2022-04-04,14,mikropml,7779
2022-04-05,10,mikropml,7789
2022-04-06,53,mikropml,7842
2022-04-07,23,mikropml,7865
2022-04-08,5,mikropml,7870
2022-04-09,5,mikropml,7875
2022-04-10,7,mikropml,7882
2022-04-11,18,mikropml,7900
2022-04-12,5,mikropml,7905
2022-04-13,30,mikropml,7935
2022-04-14,11,mikropml,7946
2022-04-15,7,mikropml,7953
2022-04-16,14,mikropml,7967
2022-04-17,6,mikropml,7973
2022-04-18,22,mikropml,7995
2022-04-19,8,mikropml,8003
2022-04-20,31,mikropml,8034
2022-04-21,3,mikropml,8037
2022-04-22,17,mikropml,8054
2022-04-23,6,mikropml,8060
2022-04-24,11,mikropml,8071
2022-04-25,12,mikropml,8083
2022-04-26,11,mikropml,8094
2022-04-27,37,mikropml,8131
2022-04-28,10,mikropml,8141
2022-04-29,18,mikropml,8159
2022-04-30,13,mikropml,8172
2022-05-01,4,mikropml,8176
2022-05-02,24,mikropml,8200
2022-05-03,11,mikropml,8211
2022-05-04,32,mikropml,8243
2022-05-05,9,mikropml,8252
2022-05-06,18,mikropml,8270
2022-05-07,7,mikropml,8277
2022-05-08,14,mikropml,8291
2022-05-09,4,mikropml,8295
2022-05-10,14,mikropml,8309
2022-05-11,26,mikropml,8335
2022-05-12,26,mikropml,8361
2022-05-13,6,mikropml,8367
2022-05-14,10,mikropml,8377
2022-05-15,5,mikropml,8382
2022-05-16,20,mikropml,8402
2022-05-17,9,mikropml,8411
2022-05-18,26,mikropml,8437
2022-05-19,19,mikropml,8456
2022-05-20,13,mikropml,8469
2022-05-21,8,mikropml,8477
2022-05-22,32,mikropml,8509
2022-05-23,20,mikropml,8529
2022-05-24,23,mikropml,8552
2022-05-25,62,mikropml,8614
2022-05-26,15,mikropml,8629
2022-05-27,31,mikropml,8660
2022-05-28,8,mikropml,8668
2022-05-29,16,mikropml,8684
2022-05-30,5,mikropml,8689
2022-05-31,20,mikropml,8709
2022-06-01,36,mikropml,8745
2022-06-02,17,mikropml,8762
2022-06-03,8,mikropml,8770
2022-06-04,14,mikropml,8784
2022-06-05,0,mikropml,8784
2022-06-06,17,mikropml,8801
2022-06-07,5,mikropml,8806
2022-06-08,32,mikropml,8838
2022-06-09,8,mikropml,8846
2022-06-10,4,mikropml,8850
2022-06-11,13,mikropml,8863
2022-06-12,2,mikropml,8865
2022-06-13,15,mikropml,8880
2022-06-14,36,mikropml,8916
2022-06-15,25,mikropml,8941
2022-06-16,10,mikropml,8951
2022-06-17,7,mikropml,8958
2022-06-18,5,mikropml,8963
2022-06-19,3,mikropml,8966
2022-06-20,11,mikropml,8977
2022-06-21,7,mikropml,8984
2022-06-22,19,mikropml,9003
2022-06-23,8,mikropml,9011
2022-06-24,16,mikropml,9027
2022-06-25,3,mikropml,9030
2022-06-26,7,mikropml,9037
2022-06-27,13,mikropml,9050
2022-06-28,12,mikropml,9062
2022-06-29,27,mikropml,9089
2022-06-30,14,mikropml,9103
2022-07-01,9,mikropml,9112
2022-07-02,3,mikropml,9115
2022-07-03,25,mikropml,9140
2022-07-04,9,mikropml,9149
2022-07-05,6,mikropml,9155
2022-07-06,37,mikropml,9192
2022-07-07,3,mikropml,9195
2022-07-08,14,mikropml,9209
2022-07-09,13,mikropml,9222
2022-07-10,9,mikropml,9231
2022-07-11,9,mikropml,9240
2022-07-12,14,mikropml,9254
2022-07-13,22,mikropml,9276
2022-07-14,13,mikropml,9289
2022-07-15,18,mikropml,9307
2022-07-16,15,mikropml,9322
2022-07-17,9,mikropml,9331
2022-07-18,15,mikropml,9346
2022-07-19,2,mikropml,9348
2022-07-20,23,mikropml,9371
2022-07-21,13,mikropml,9384
2022-07-22,4,mikropml,9388
2022-07-23,3,mikropml,9391
2022-07-24,15,mikropml,9406
2022-07-25,10,mikropml,9416
2022-07-26,10,mikropml,9426
2022-07-27,40,mikropml,9466
2022-07-28,6,mikropml,9472
2022-07-29,8,mikropml,9480
2022-07-30,14,mikropml,9494
2022-07-31,15,mikropml,9509
2022-08-01,3,mikropml,9512
2022-08-02,6,mikropml,9518
2022-08-03,31,mikropml,9549
2022-08-04,8,mikropml,9557
2022-08-05,8,mikropml,9565
2022-08-06,11,mikropml,9576
2022-08-07,2,mikropml,9578
2022-08-08,1,mikropml,9579
2022-08-09,19,mikropml,9598
2022-08-10,14,mikropml,9612
2022-08-11,20,mikropml,9632
2022-08-12,14,mikropml,9646
2022-08-13,4,mikropml,9650
2022-08-14,5,mikropml,9655
2022-08-15,17,mikropml,9672
2022-08-16,4,mikropml,9676
2022-08-17,21,mikropml,9697
2022-08-18,14,mikropml,9711
2022-08-19,3,mikropml,9714
2022-08-20,2,mikropml,9716
2022-08-21,12,mikropml,9728
2022-08-22,4,mikropml,9732
2022-08-23,11,mikropml,9743
2022-08-24,31,mikropml,9774
2022-08-25,7,mikropml,9781
2022-08-26,4,mikropml,9785
2022-08-27,13,mikropml,9798
2022-08-28,6,mikropml,9804
2022-08-29,5,mikropml,9809
2022-08-30,15,mikropml,9824
2022-08-31,19,mikropml,9843
2022-09-01,8,mikropml,9851
2022-09-02,13,mikropml,9864
2022-09-03,2,mikropml,9866
2022-09-04,2,mikropml,9868
2022-09-05,12,mikropml,9880
2022-09-06,6,mikropml,9886
2022-09-07,5,mikropml,9891
2022-09-08,36,mikropml,9927
2022-09-09,4,mikropml,9931
2022-09-10,6,mikropml,9937
2022-09-11,17,mikropml,9954
2022-09-12,9,mikropml,9963
2022-09-13,11,mikropml,9974
2022-09-14,33,mikropml,10007
2022-09-15,6,mikropml,10013
2022-09-16,6,mikropml,10019
2022-09-17,8,mikropml,10027
2022-09-18,4,mikropml,10031
2022-09-19,2,mikropml,10033
2022-09-20,12,mikropml,10045
2022-09-21,9,mikropml,10054
2022-09-22,7,mikropml,10061
2022-09-23,18,mikropml,10079
2022-09-24,1,mikropml,10080
2022-09-25,10,mikropml,10090
2022-09-26,17,mikropml,10107
2022-09-27,12,mikropml,10119
2022-09-28,4,mikropml,10123
2022-09-29,12,mikropml,10135
2022-09-30,13,mikropml,10148
2022-10-01,2,mikropml,10150
2022-10-02,12,mikropml,10162
2022-10-03,11,mikropml,10173
2022-10-04,9,mikropml,10182
2022-10-05,13,mikropml,10195
2022-10-06,12,mikropml,10207
2022-10-07,14,mikropml,10221
2022-10-08,13,mikropml,10234
2022-10-09,6,mikropml,10240
2022-10-10,5,mikropml,10245
2022-10-11,11,mikropml,10256
2022-10-12,22,mikropml,10278
2022-10-13,5,mikropml,10283
2022-10-14,5,mikropml,10288
2022-10-15,14,mikropml,10302
2022-10-16,17,mikropml,10319
2022-10-17,43,mikropml,10362
2022-10-18,31,mikropml,10393
2022-10-19,14,mikropml,10407
2022-10-20,30,mikropml,10437
2022-10-21,8,mikropml,10445
2022-10-22,12,mikropml,10457
2022-10-23,20,mikropml,10477
2022-10-24,8,mikropml,10485
2022-10-25,9,mikropml,10494
2022-10-26,15,mikropml,10509
2022-10-27,12,mikropml,10521
2022-10-28,16,mikropml,10537
2022-10-29,11,mikropml,10548
2022-10-30,7,mikropml,10555
2022-10-31,5,mikropml,10560
2022-11-01,14,mikropml,10574
2022-11-02,15,mikropml,10589
2022-11-03,15,mikropml,10604
2022-11-04,5,mikropml,10609
2022-11-05,35,mikropml,10644
2022-11-06,4,mikropml,10648
2022-11-07,30,mikropml,10678
2022-11-08,25,mikropml,10703
2022-11-09,9,mikropml,10712
2022-11-10,23,mikropml,10735
2022-11-11,7,mikropml,10742
2022-11-12,20,mikropml,10762
2022-11-13,8,mikropml,10770
2022-11-14,16,mikropml,10786
2022-11-15,9,mikropml,10795
2022-11-16,10,mikropml,10805
2022-11-17,14,mikropml,10819
2022-11-18,35,mikropml,10854
2022-11-19,5,mikropml,10859
2022-11-20,8,mikropml,10867
2022-11-21,14,mikropml,10881
2022-11-22,16,mikropml,10897
2022-11-23,5,mikropml,10902
2022-11-24,12,mikropml,10914
2022-11-25,8,mikropml,10922
2022-11-26,18,mikropml,10940
2022-11-27,6,mikropml,10946
2022-11-28,11,mikropml,10957
2022-11-29,4,mikropml,10961
2022-11-30,4,mikropml,10965
2022-12-01,11,mikropml,10976
2022-12-02,6,mikropml,10982
2022-12-03,4,mikropml,10986
2022-12-04,9,mikropml,10995
2022-12-05,8,mikropml,11003
2022-12-06,7,mikropml,11010
2022-12-07,15,mikropml,11025
2022-12-08,5,mikropml,11030
2022-12-09,5,mikropml,11035
2022-12-10,1,mikropml,11036
2022-12-11,10,mikropml,11046
2022-12-12,8,mikropml,11054
2022-12-13,9,mikropml,11063
2022-12-14,7,mikropml,11070
2022-12-15,6,mikropml,11076
2022-12-16,21,mikropml,11097
2022-12-17,4,mikropml,11101
2022-12-18,3,mikropml,11104
2022-12-19,4,mikropml,11108
2022-12-20,4,mikropml,11112
2022-12-21,15,mikropml,11127
2022-12-22,6,mikropml,11133
2022-12-23,14,mikropml,11147
2022-12-24,34,mikropml,11181
2022-12-25,6,mikropml,11187
2022-12-26,5,mikropml,11192
2022-12-27,3,mikropml,11195
2022-12-28,6,mikropml,11201
2022-12-29,2,mikropml,11203
2022-12-30,4,mikropml,11207
2022-12-31,4,mikropml,11211
2023-01-01,2,mikropml,11213
2023-01-02,7,mikropml,11220
2023-01-03,4,mikropml,11224
2023-01-04,7,mikropml,11231
2023-01-05,8,mikropml,11239
2023-01-06,6,mikropml,11245
2023-01-07,5,mikropml,11250
2023-01-08,9,mikropml,11259
2023-01-09,10,mikropml,11269
2023-01-10,4,mikropml,11273
2023-01-11,7,mikropml,11280
2023-01-12,10,mikropml,11290
2023-01-13,9,mikropml,11299
2023-01-14,4,mikropml,11303
2023-01-15,6,mikropml,11309
2023-01-16,18,mikropml,11327
2023-01-17,60,mikropml,11387
2023-01-18,57,mikropml,11444
2023-01-19,23,mikropml,11467
2023-01-20,8,mikropml,11475
2023-01-21,10,mikropml,11485
2023-01-22,21,mikropml,11506
2023-01-23,21,mikropml,11527
2023-01-24,9,mikropml,11536
2023-01-25,19,mikropml,11555
2023-01-26,23,mikropml,11578
2023-01-27,16,mikropml,11594
2023-01-28,14,mikropml,11608
2023-01-29,15,mikropml,11623
2023-01-30,9,mikropml,11632
2023-01-31,14,mikropml,11646
2023-02-01,14,mikropml,11660
2023-02-02,34,mikropml,11694
2023-02-03,13,mikropml,11707
2023-02-04,4,mikropml,11711
2023-02-05,8,mikropml,11719
2023-02-06,6,mikropml,11725
2023-02-07,25,mikropml,11750
2023-02-08,13,mikropml,11763
2023-02-09,10,mikropml,11773
2023-02-10,6,mikropml,11779
2023-02-11,9,mikropml,11788
2023-02-12,8,mikropml,11796
2023-02-13,10,mikropml,11806
2023-02-14,37,mikropml,11843
2023-02-15,11,mikropml,11854
2023-02-16,5,mikropml,11859
2023-02-17,16,mikropml,11875
2023-02-18,5,mikropml,11880
2023-02-19,11,mikropml,11891
2023-02-20,8,mikropml,11899
2023-02-21,8,mikropml,11907
2023-02-22,10,mikropml,11917
2023-02-23,28,mikropml,11945
2023-02-24,9,mikropml,11954
2023-02-25,1,mikropml,11955
2023-02-26,7,mikropml,11962
2023-02-27,17,mikropml,11979
2023-02-28,12,mikropml,11991
2023-03-01,8,mikropml,11999
2023-03-02,12,mikropml,12011
2023-03-03,9,mikropml,12020
2023-03-04,7,mikropml,12027
2023-03-05,11,mikropml,12038
2023-03-06,12,mikropml,12050
2023-03-07,4,mikropml,12054
2023-03-08,5,mikropml,12059
2023-03-09,24,mikropml,12083
2023-03-10,25,mikropml,12108
2023-03-11,2,mikropml,12110
2023-03-12,6,mikropml,12116
2023-03-13,14,mikropml,12130
2023-03-14,5,mikropml,12135
2023-03-15,38,mikropml,12173
2023-03-16,23,mikropml,12196
2023-03-17,6,mikropml,12202
2023-03-18,27,mikropml,12229
2023-03-19,5,mikropml,12234
2023-03-20,23,mikropml,12257
2023-03-21,13,mikropml,12270
2023-03-22,26,mikropml,12296
2023-03-23,4,mikropml,12300
2023-03-24,3,mikropml,12303
2023-03-25,6,mikropml,12309
2023-03-26,13,mikropml,12322
2023-03-27,15,mikropml,12337
2023-03-28,6,mikropml,12343
2023-03-29,27,mikropml,12370
2023-03-30,6,mikropml,12376
2023-03-31,4,mikropml,12380
2023-04-01,11,mikropml,12391
2023-04-02,2,mikropml,12393
2023-04-03,8,mikropml,12401
2023-04-04,5,mikropml,12406
2023-04-05,6,mikropml,12412
2023-04-06,25,mikropml,12437
2023-04-07,16,mikropml,12453
2023-04-08,6,mikropml,12459
2023-04-09,5,mikropml,12464
2023-04-10,6,mikropml,12470
2023-04-11,4,mikropml,12474
2023-04-12,38,mikropml,12512
2023-04-13,9,mikropml,12521
2023-04-14,16,mikropml,12537
2023-04-15,17,mikropml,12554
2023-04-16,13,mikropml,12567
2023-04-17,24,mikropml,12591
2023-04-18,24,mikropml,12615
2023-04-19,89,mikropml,12704
2023-04-20,23,mikropml,12727
2023-04-21,11,mikropml,12738
2023-04-22,10,mikropml,12748
2023-04-23,6,mikropml,12754
2023-04-24,22,mikropml,12776
2023-04-25,7,mikropml,12783
2023-04-26,53,mikropml,12836
2023-04-27,17,mikropml,12853
2023-04-28,14,mikropml,12867
2023-04-29,10,mikropml,12877
2023-04-30,6,mikropml,12883
2023-05-01,15,mikropml,12898
2023-05-02,7,mikropml,12905
2023-05-03,29,mikropml,12934
2023-05-04,4,mikropml,12938
2023-05-05,19,mikropml,12957
2023-05-06,11,mikropml,12968
2023-05-07,5,mikropml,12973
2023-05-08,16,mikropml,12989
2023-05-09,13,mikropml,13002
2023-05-10,44,mikropml,13046
2023-05-11,19,mikropml,13065
2023-05-12,19,mikropml,13084
2023-05-13,13,mikropml,13097
2023-05-14,2,mikropml,13099
2023-05-15,29,mikropml,13128
2023-05-16,25,mikropml,13153
2023-05-17,39,mikropml,13192
2023-05-18,7,mikropml,13199
2023-05-19,12,mikropml,13211
2023-05-20,8,mikropml,13219
2023-05-21,4,mikropml,13223
2023-05-22,11,mikropml,13234
2023-05-23,7,mikropml,13241
2023-05-24,34,mikropml,13275
2023-05-25,14,mikropml,13289
2023-05-26,9,mikropml,13298
2023-05-27,5,mikropml,13303
2023-05-28,9,mikropml,13312
2023-05-29,8,mikropml,13320
2023-05-30,16,mikropml,13336
2023-05-31,4,mikropml,13340
2023-06-01,41,mikropml,13381
2023-06-02,17,mikropml,13398
2023-06-03,4,mikropml,13402
2023-06-04,5,mikropml,13407
2023-06-05,11,mikropml,13418
2023-06-06,11,mikropml,13429
2023-06-07,9,mikropml,13438
2023-06-08,33,mikropml,13471
2023-06-09,13,mikropml,13484
2023-06-10,5,mikropml,13489
2023-06-11,5,mikropml,13494
2023-06-12,10,mikropml,13504
2023-06-13,15,mikropml,13519
2023-06-14,9,mikropml,13528
2023-06-15,28,mikropml,13556
2023-06-16,16,mikropml,13572
2023-06-17,6,mikropml,13578
2023-06-18,6,mikropml,13584
2023-06-19,21,mikropml,13605
2023-06-20,14,mikropml,13619
2023-06-21,28,mikropml,13647
2023-06-22,13,mikropml,13660
2023-06-23,14,mikropml,13674
2023-06-24,19,mikropml,13693
2023-06-25,15,mikropml,13708
2023-06-26,17,mikropml,13725
2023-06-27,11,mikropml,13736
2023-06-28,40,mikropml,13776
2023-06-29,12,mikropml,13788
2023-06-30,8,mikropml,13796
2023-07-01,11,mikropml,13807
2023-07-02,8,mikropml,13815
2023-07-03,12,mikropml,13827
2023-07-04,9,mikropml,13836
2023-07-05,31,mikropml,13867
2023-07-06,18,mikropml,13885
2023-07-07,15,mikropml,13900
2023-07-08,13,mikropml,13913
2023-07-09,7,mikropml,13920
2023-07-10,9,mikropml,13929
2023-07-11,8,mikropml,13937
2023-07-12,41,mikropml,13978
2023-07-13,8,mikropml,13986
2023-07-14,3,mikropml,13989
2023-07-15,2,mikropml,13991
2023-07-16,6,mikropml,13997
2023-07-17,18,mikropml,14015
2023-07-18,9,mikropml,14024
2023-07-19,28,mikropml,14052
2023-07-20,10,mikropml,14062
2023-07-21,3,mikropml,14065
2023-07-22,6,mikropml,14071
2023-07-23,6,mikropml,14077
2023-07-24,4,mikropml,14081
2023-07-25,12,mikropml,14093
2023-07-26,45,mikropml,14138
2023-07-27,11,mikropml,14149
2023-07-28,5,mikropml,14154
2023-07-29,3,mikropml,14157
2023-07-30,5,mikropml,14162
2023-07-31,2,mikropml,14164
2023-08-01,16,mikropml,14180
2023-08-02,13,mikropml,14193
2023-08-03,31,mikropml,14224
2023-08-04,8,mikropml,14232
2023-08-05,9,mikropml,14241
2023-08-06,7,mikropml,14248
2023-08-07,16,mikropml,14264
2023-08-08,10,mikropml,14274
2023-08-09,40,mikropml,14314
2023-08-10,4,mikropml,14318
2023-08-11,7,mikropml,14325
2023-08-12,9,mikropml,14334
2023-08-13,1,mikropml,14335
2023-08-14,7,mikropml,14342
2023-08-15,14,mikropml,14356
2023-08-16,22,mikropml,14378
2023-08-17,11,mikropml,14389
2023-08-18,12,mikropml,14401
2023-08-19,8,mikropml,14409
2023-08-20,8,mikropml,14417
2023-08-21,23,mikropml,14440
2023-08-22,26,mikropml,14466
2023-08-23,46,mikropml,14512
2023-08-24,63,mikropml,14575
2023-08-25,38,mikropml,14613
2023-08-26,12,mikropml,14625
2023-08-27,10,mikropml,14635
2023-08-28,50,mikropml,14685
2023-08-29,12,mikropml,14697
2023-08-30,38,mikropml,14735
2023-08-31,16,mikropml,14751
2023-09-01,18,mikropml,14769
2023-09-02,8,mikropml,14777
2023-09-03,13,mikropml,14790
2023-09-04,11,mikropml,14801
2023-09-05,11,mikropml,14812
2023-09-06,23,mikropml,14835
2023-09-07,8,mikropml,14843
2023-09-08,10,mikropml,14853
2023-09-09,12,mikropml,14865
2023-09-10,5,mikropml,14870
2023-09-11,10,mikropml,14880
2023-09-12,21,mikropml,14901
2023-09-13,16,mikropml,14917
2023-09-14,11,mikropml,14928
2023-09-15,22,mikropml,14950
2023-09-16,10,mikropml,14960
2023-09-17,5,mikropml,14965
2023-09-18,13,mikropml,14978
2023-09-19,24,mikropml,15002
2023-09-20,8,mikropml,15010
2023-09-21,12,mikropml,15022
2023-09-22,35,mikropml,15057
2023-09-23,34,mikropml,15091
2023-09-24,11,mikropml,15102
2023-09-25,16,mikropml,15118
2023-09-26,13,mikropml,15131
2023-09-27,33,mikropml,15164
2023-09-28,17,mikropml,15181
2023-09-29,19,mikropml,15200
2023-09-30,3,mikropml,15203
2023-10-01,6,mikropml,15209
2023-10-02,16,mikropml,15225
2023-10-03,10,mikropml,15235
2023-10-04,25,mikropml,15260
2023-10-05,22,mikropml,15282
2023-10-06,14,mikropml,15296
2023-10-07,2,mikropml,15298
2023-10-08,6,mikropml,15304
2023-10-09,11,mikropml,15315
2023-10-10,6,mikropml,15321
2023-10-11,6,mikropml,15327
2023-10-12,35,mikropml,15362
2023-10-13,6,mikropml,15368
2023-10-14,16,mikropml,15384
2023-10-15,17,mikropml,15401
2023-10-16,14,mikropml,15415
2023-10-17,12,mikropml,15427
2023-10-18,24,mikropml,15451
2023-10-19,13,mikropml,15464
2023-10-20,8,mikropml,15472
2023-10-21,6,mikropml,15478
2023-10-22,11,mikropml,15489
2023-10-23,10,mikropml,15499
2023-10-24,10,mikropml,15509
2023-10-25,20,mikropml,15529
2023-10-26,24,mikropml,15553
2023-10-27,6,mikropml,15559
2023-10-28,5,mikropml,15564
2023-10-29,0,mikropml,15564
2023-10-30,13,mikropml,15577
2023-10-31,13,mikropml,15590
2023-11-01,25,mikropml,15615
2023-11-02,19,mikropml,15634
2023-11-03,10,mikropml,15644
2023-11-04,7,mikropml,15651
2023-11-05,4,mikropml,15655
2023-11-06,13,mikropml,15668
2023-11-07,13,mikropml,15681
2023-11-08,45,mikropml,15726
2023-11-09,21,mikropml,15747
2023-11-10,9,mikropml,15756
2023-11-11,4,mikropml,15760
2023-11-12,3,mikropml,15763
2023-11-13,11,mikropml,15774
2023-11-14,12,mikropml,15786
2023-11-15,37,mikropml,15823
2023-11-16,23,mikropml,15846
2023-11-17,21,mikropml,15867
2023-11-18,5,mikropml,15872
2023-11-19,5,mikropml,15877
2023-11-20,10,mikropml,15887
2023-11-21,7,mikropml,15894
2023-11-22,18,mikropml,15912
2023-11-23,9,mikropml,15921
2023-11-24,6,mikropml,15927
2023-11-25,5,mikropml,15932
2023-11-26,5,mikropml,15937
2023-11-27,12,mikropml,15949
2023-11-28,14,mikropml,15963
2023-11-29,36,mikropml,15999
2023-11-30,22,mikropml,16021
2023-12-01,12,mikropml,16033
2023-12-02,5,mikropml,16038
2023-12-03,13,mikropml,16051
2023-12-04,10,mikropml,16061
2023-12-05,10,mikropml,16071
2023-12-06,43,mikropml,16114
2023-12-07,11,mikropml,16125
2023-12-08,9,mikropml,16134
2023-12-09,5,mikropml,16139
2023-12-10,13,mikropml,16152
2023-12-11,15,mikropml,16167
2023-12-12,11,mikropml,16178
2023-12-13,7,mikropml,16185
2023-12-14,10,mikropml,16195
2023-12-15,32,mikropml,16227
2023-12-16,4,mikropml,16231
2023-12-17,7,mikropml,16238
2023-12-18,13,mikropml,16251
2023-12-19,5,mikropml,16256
2023-12-20,10,mikropml,16266
2023-12-21,32,mikropml,16298
2023-12-22,8,mikropml,16306
2023-12-23,0,mikropml,16306
2023-12-24,12,mikropml,16318
2023-12-25,8,mikropml,16326
2023-12-26,3,mikropml,16329
2023-12-27,33,mikropml,16362
2023-12-28,9,mikropml,16371
2023-12-29,1,mikropml,16372
2023-12-30,4,mikropml,16376
2023-12-31,8,mikropml,16384
2024-01-01,1,mikropml,16385
2024-01-02,5,mikropml,16390
2024-01-03,22,mikropml,16412
2024-01-04,4,mikropml,16416
2024-01-05,2,mikropml,16418
2024-01-06,10,mikropml,16428
2024-01-07,8,mikropml,16436
2024-01-08,15,mikropml,16451
2024-01-09,4,mikropml,16455
2024-01-10,36,mikropml,16491
2024-01-11,11,mikropml,16502
2024-01-12,37,mikropml,16539
2024-01-13,6,mikropml,16545
2024-01-14,11,mikropml,16556
2024-01-15,6,mikropml,16562
2024-01-16,9,mikropml,16571
2024-01-17,39,mikropml,16610
2024-01-18,15,mikropml,16625
2024-01-19,5,mikropml,16630
2024-01-20,12,mikropml,16642
2024-01-21,0,mikropml,16642
2024-01-22,6,mikropml,16648
2024-01-23,29,mikropml,16677
2024-01-24,158,mikropml,16835
2024-01-25,125,mikropml,16960
2024-01-26,9,mikropml,16969
2024-01-27,2,mikropml,16971
2024-01-28,0,mikropml,16971
2024-01-29,26,mikropml,16997
2024-01-30,24,mikropml,17021
2024-01-31,34,mikropml,17055
2024-02-01,8,mikropml,17063
2024-02-02,8,mikropml,17071
2024-02-03,4,mikropml,17075
2024-02-04,11,mikropml,17086
2024-02-05,14,mikropml,17100
2024-02-06,5,mikropml,17105
2024-02-07,28,mikropml,17133
2024-02-08,13,mikropml,17146
2024-02-09,3,mikropml,17149
2024-02-10,6,mikropml,17155
2024-02-11,8,mikropml,17163
2024-02-12,2,mikropml,17165
2024-02-13,7,mikropml,17172
2024-02-14,33,mikropml,17205
2024-02-15,6,mikropml,17211
2024-02-16,6,mikropml,17217
2024-02-17,14,mikropml,17231
2024-02-18,1,mikropml,17232
2024-02-19,2,mikropml,17234
2024-02-20,12,mikropml,17246
2024-02-21,30,mikropml,17276
2024-02-22,5,mikropml,17281
2024-02-23,23,mikropml,17304
2024-02-24,3,mikropml,17307
2024-02-25,14,mikropml,17321
2024-02-26,4,mikropml,17325
2024-02-27,13,mikropml,17338
2024-02-28,30,mikropml,17368
2024-02-29,2,mikropml,17370
2024-03-01,22,mikropml,17392
2024-03-02,4,mikropml,17396
2024-03-03,2,mikropml,17398
2024-03-04,12,mikropml,17410
2024-03-05,9,mikropml,17419
2024-03-06,21,mikropml,17440
2024-03-07,35,mikropml,17475
2024-03-08,7,mikropml,17482
2024-03-09,4,mikropml,17486
2024-03-10,11,mikropml,17497
2024-03-11,8,mikropml,17505
2024-03-12,9,mikropml,17514
2024-03-13,35,mikropml,17549
2024-03-14,13,mikropml,17562
2024-03-15,7,mikropml,17569
2024-03-16,15,mikropml,17584
2024-03-17,3,mikropml,17587
2024-03-18,4,mikropml,17591
2024-03-19,10,mikropml,17601
2024-03-20,11,mikropml,17612
2024-03-21,30,mikropml,17642
2024-03-22,10,mikropml,17652
2024-03-23,7,mikropml,17659
2024-03-24,9,mikropml,17668
2024-03-25,10,mikropml,17678
2024-03-26,7,mikropml,17685
2024-03-27,34,mikropml,17719
2024-03-28,11,mikropml,17730
2024-03-29,9,mikropml,17739
2024-03-30,13,mikropml,17752
2024-03-31,8,mikropml,17760
2024-04-01,15,mikropml,17775
2024-04-02,14,mikropml,17789
2024-04-03,30,mikropml,17819
2024-04-04,13,mikropml,17832
2024-04-05,9,mikropml,17841
2024-04-06,0,mikropml,17841
2024-04-07,1,mikropml,17842
2024-04-08,9,mikropml,17851
2024-04-09,7,mikropml,17858
2024-04-10,27,mikropml,17885
2024-04-11,13,mikropml,17898
2024-04-12,12,mikropml,17910
2024-04-13,3,mikropml,17913
2024-04-14,8,mikropml,17921
2024-04-15,14,mikropml,17935
2024-04-16,3,mikropml,17938
2024-04-17,42,mikropml,17980
2024-04-18,18,mikropml,17998
2024-04-19,16,mikropml,18014
2024-04-20,7,mikropml,18021
2024-04-21,10,mikropml,18031
2024-04-22,46,mikropml,18077
2024-04-23,37,mikropml,18114
2024-04-24,24,mikropml,18138
2024-04-25,30,mikropml,18168
2024-04-26,27,mikropml,18195
2024-04-27,5,mikropml,18200
2024-04-28,8,mikropml,18208
2024-04-29,21,mikropml,18229
2024-04-30,12,mikropml,18241
2024-05-01,30,mikropml,18271
2024-05-02,14,mikropml,18285
2024-05-03,14,mikropml,18299
2024-05-04,7,mikropml,18306
2024-05-05,10,mikropml,18316
2024-05-06,19,mikropml,18335
2024-05-07,6,mikropml,18341
2024-05-08,44,mikropml,18385
2024-05-09,9,mikropml,18394
2024-05-10,9,mikropml,18403
2024-05-11,5,mikropml,18408
2024-05-12,10,mikropml,18418
2024-05-13,7,mikropml,18425
2024-05-14,9,mikropml,18434
2024-05-15,41,mikropml,18475
2024-05-16,8,mikropml,18483
2024-05-17,11,mikropml,18494
2024-05-18,2,mikropml,18496
2024-05-19,15,mikropml,18511
2024-05-20,4,mikropml,18515
2024-05-21,19,mikropml,18534
2024-05-22,39,mikropml,18573
2024-05-23,16,mikropml,18589
2024-05-24,5,mikropml,18594
2024-05-25,11,mikropml,18605
2024-05-26,12,mikropml,18617
2024-05-27,3,mikropml,18620
2024-05-28,14,mikropml,18634
2024-05-29,40,mikropml,18674
2024-05-30,15,mikropml,18689
2024-05-31,16,mikropml,18705
2024-06-01,11,mikropml,18716
2024-06-02,5,mikropml,18721
2024-06-03,2,mikropml,18723
2024-06-04,13,mikropml,18736
2024-06-05,27,mikropml,18763
2024-06-06,5,mikropml,18768
2024-06-07,10,mikropml,18778
2024-06-08,4,mikropml,18782
2024-06-09,4,mikropml,18786
2024-06-10,7,mikropml,18793
2024-06-11,16,mikropml,18809
2024-06-12,33,mikropml,18842
2024-06-13,14,mikropml,18856
2024-06-14,4,mikropml,18860
2024-06-15,2,mikropml,18862
2024-06-16,10,mikropml,18872
2024-06-17,9,mikropml,18881
2024-06-18,7,mikropml,18888
2024-06-19,33,mikropml,18921
2024-06-20,4,mikropml,18925
2024-06-21,7,mikropml,18932
2024-06-22,10,mikropml,18942
2024-06-23,8,mikropml,18950
2024-06-24,16,mikropml,18966
2024-06-25,11,mikropml,18977
2024-06-26,17,mikropml,18994
2024-06-27,21,mikropml,19015
2024-06-28,9,mikropml,19024
2024-06-29,1,mikropml,19025
2024-06-30,1,mikropml,19026
2024-07-01,16,mikropml,19042
2024-07-02,13,mikropml,19055
2024-07-03,36,mikropml,19091
2024-07-04,15,mikropml,19106
2024-07-05,11,mikropml,19117
2024-07-06,4,mikropml,19121
2024-07-07,6,mikropml,19127
2024-07-08,14,mikropml,19141
2024-07-09,16,mikropml,19157
2024-07-10,5,mikropml,19162
2024-07-11,28,mikropml,19190
2024-07-12,6,mikropml,19196
2024-07-13,1,mikropml,19197
2024-07-14,4,mikropml,19201
2024-07-15,6,mikropml,19207
2024-07-16,19,mikropml,19226
2024-07-17,37,mikropml,19263
2024-07-18,6,mikropml,19269
2024-07-19,3,mikropml,19272
2024-07-20,54,mikropml,19326
2024-07-21,70,mikropml,19396
2024-07-22,32,mikropml,19428
2024-07-23,24,mikropml,19452
2024-07-24,40,mikropml,19492
2024-07-25,7,mikropml,19499
2024-07-26,11,mikropml,19510
2024-07-27,1,mikropml,19511
2024-07-28,2,mikropml,19513
2024-07-29,33,mikropml,19546
2024-07-30,40,mikropml,19586
2024-07-31,13,mikropml,19599
2024-08-01,34,mikropml,19633
2024-08-02,5,mikropml,19638
2024-08-03,3,mikropml,19641
2024-08-04,7,mikropml,19648
2024-08-05,4,mikropml,19652
2024-08-06,10,mikropml,19662
2024-08-07,38,mikropml,19700
2024-08-08,31,mikropml,19731
2024-08-09,5,mikropml,19736
2024-08-10,15,mikropml,19751
2024-08-11,10,mikropml,19761
2024-08-12,10,mikropml,19771
2024-08-13,10,mikropml,19781
2024-08-14,14,mikropml,19795
2024-08-15,40,mikropml,19835
2024-08-16,11,mikropml,19846
2024-08-17,22,mikropml,19868
2024-08-18,6,mikropml,19874
2024-08-19,20,mikropml,19894
2024-08-20,18,mikropml,19912
2024-08-21,18,mikropml,19930
2024-08-22,47,mikropml,19977
2024-08-23,15,mikropml,19992
2024-08-24,13,mikropml,20005
2024-08-25,2,mikropml,20007
2024-08-26,9,mikropml,20016
2024-08-27,9,mikropml,20025
2024-08-28,47,mikropml,20072
2024-08-29,5,mikropml,20077
2024-08-30,10,mikropml,20087
2024-08-31,2,mikropml,20089
2024-09-01,2,mikropml,20091
2024-09-02,10,mikropml,20101
2024-09-03,9,mikropml,20110
2024-09-04,33,mikropml,20143
2024-09-05,11,mikropml,20154
2024-09-06,13,mikropml,20167
2024-09-07,8,mikropml,20175
2024-09-08,19,mikropml,20194
2024-09-09,13,mikropml,20207
2024-09-10,11,mikropml,20218
2024-09-11,55,mikropml,20273
2024-09-12,10,mikropml,20283
2024-09-13,2,mikropml,20285
2024-09-14,7,mikropml,20292
2024-09-15,1,mikropml,20293
2024-09-16,8,mikropml,20301
2024-09-17,11,mikropml,20312
2024-09-18,26,mikropml,20338
2024-09-19,5,mikropml,20343
2024-09-20,11,mikropml,20354
2024-09-21,11,mikropml,20365
2024-09-22,2,mikropml,20367
2024-09-23,20,mikropml,20387
2024-09-24,5,mikropml,20392
2024-09-25,11,mikropml,20403
2024-09-26,41,mikropml,20444
2024-09-27,17,mikropml,20461
2024-09-28,26,mikropml,20487
2024-09-29,8,mikropml,20495
2024-09-30,6,mikropml,20501
2024-10-01,4,mikropml,20505
2024-10-02,35,mikropml,20540
2024-10-03,9,mikropml,20549
2024-10-04,4,mikropml,20553
2024-10-05,8,mikropml,20561
2024-10-06,2,mikropml,20563
2024-10-07,4,mikropml,20567
2024-10-08,11,mikropml,20578
2024-10-09,16,mikropml,20594
2024-10-10,15,mikropml,20609
2024-10-11,11,mikropml,20620
2024-10-12,6,mikropml,20626
2024-10-13,5,mikropml,20631
2024-10-14,13,mikropml,20644
2024-10-15,3,mikropml,20647
2024-10-16,27,mikropml,20674
2024-10-17,11,mikropml,20685
2024-10-18,7,mikropml,20692
2024-10-19,3,mikropml,20695
2024-10-20,7,mikropml,20702
2024-10-21,4,mikropml,20706
2024-10-22,13,mikropml,20719
2024-10-23,15,mikropml,20734
2024-10-24,33,mikropml,20767
2024-10-25,4,mikropml,20771
2024-10-26,7,mikropml,20778
2024-10-27,8,mikropml,20786
2024-10-28,10,mikropml,20796
2024-10-29,8,mikropml,20804
2024-10-30,41,mikropml,20845
2024-10-31,7,mikropml,20852
2024-11-01,8,mikropml,20860
2024-11-02,18,mikropml,20878
2024-11-03,12,mikropml,20890
2024-11-04,4,mikropml,20894
2024-11-05,14,mikropml,20908
2024-11-06,23,mikropml,20931
2024-11-07,21,mikropml,20952
2024-11-08,24,mikropml,20976
2024-11-09,3,mikropml,20979
2024-11-10,6,mikropml,20985
2024-11-11,14,mikropml,20999
2024-11-12,3,mikropml,21002
2024-11-13,7,mikropml,21009
2024-11-14,31,mikropml,21040
2024-11-15,5,mikropml,21045
2024-11-16,4,mikropml,21049
2024-11-17,10,mikropml,21059
2024-11-18,8,mikropml,21067
2024-11-19,7,mikropml,21074
2024-11-20,26,mikropml,21100
2024-11-21,20,mikropml,21120
2024-11-22,4,mikropml,21124
2024-11-23,11,mikropml,21135
2024-11-24,1,mikropml,21136
2024-11-25,8,mikropml,21144
2024-11-26,15,mikropml,21159
2024-11-27,19,mikropml,21178
2024-11-28,17,mikropml,21195
2024-11-29,13,mikropml,21208
2024-11-30,5,mikropml,21213
2024-12-01,1,mikropml,21214
2024-12-02,16,mikropml,21230
2024-12-03,7,mikropml,21237
2024-12-04,26,mikropml,21263
2024-12-05,26,mikropml,21289
2024-12-06,3,mikropml,21292
2024-12-07,4,mikropml,21296
2024-12-08,13,mikropml,21309
2024-12-09,7,mikropml,21316
2024-12-10,7,mikropml,21323
2024-12-11,25,mikropml,21348
2024-12-12,21,mikropml,21369
2024-12-13,6,mikropml,21375
2024-12-14,9,mikropml,21384
2024-12-15,19,mikropml,21403
2024-12-16,9,mikropml,21412
2024-12-17,13,mikropml,21425
2024-12-18,7,mikropml,21432
2024-12-19,30,mikropml,21462
2024-12-20,18,mikropml,21480
2024-12-21,6,mikropml,21486
2024-12-22,6,mikropml,21492
2024-12-23,8,mikropml,21500
2024-12-24,3,mikropml,21503
2024-12-25,29,mikropml,21532
2024-12-26,8,mikropml,21540
2024-12-27,5,mikropml,21545
2024-12-28,3,mikropml,21548
2024-12-29,9,mikropml,21557
2024-12-30,5,mikropml,21562
2024-12-31,1,mikropml,21563
2025-01-01,33,mikropml,21596
2025-01-02,19,mikropml,21615
2025-01-03,13,mikropml,21628
2025-01-04,19,mikropml,21647
2025-01-05,2,mikropml,21649
2025-01-06,6,mikropml,21655
2025-01-07,11,mikropml,21666
2025-01-08,30,mikropml,21696
2025-01-09,10,mikropml,21706
2025-01-10,14,mikropml,21720
2025-01-11,3,mikropml,21723
2025-01-12,3,mikropml,21726
2025-01-13,9,mikropml,21735
2025-01-14,8,mikropml,21743
2025-01-15,34,mikropml,21777
2025-01-16,11,mikropml,21788
2025-01-17,12,mikropml,21800
2025-01-18,14,mikropml,21814
2025-01-19,10,mikropml,21824
2025-01-20,19,mikropml,21843
2025-01-21,27,mikropml,21870
2025-01-22,54,mikropml,21924
2025-01-23,7,mikropml,21931
2025-01-24,14,mikropml,21945
2025-01-25,7,mikropml,21952
2025-01-26,8,mikropml,21960
2025-01-27,11,mikropml,21971
2025-01-28,5,mikropml,21976
2025-01-29,9,mikropml,21985
2025-01-30,36,mikropml,22021
2025-01-31,4,mikropml,22025
2025-02-01,4,mikropml,22029
2025-02-02,6,mikropml,22035
2025-02-03,3,mikropml,22038
2025-02-04,5,mikropml,22043
2025-02-05,46,mikropml,22089
2025-02-06,15,mikropml,22104
2025-02-07,5,mikropml,22109
2025-02-08,18,mikropml,22127
2025-02-09,19,mikropml,22146
2025-02-10,28,mikropml,22174
2025-02-11,21,mikropml,22195
2025-02-12,62,mikropml,22257
2025-02-13,12,mikropml,22269
2025-02-14,28,mikropml,22297
2025-02-15,31,mikropml,22328
2025-02-16,3,mikropml,22331
2025-02-17,27,mikropml,22358
2025-02-18,5,mikropml,22363
2025-02-19,34,mikropml,22397
2025-02-20,41,mikropml,22438
2025-02-21,13,mikropml,22451
2025-02-22,9,mikropml,22460
2025-02-23,22,mikropml,22482
2025-02-24,12,mikropml,22494
2025-02-25,9,mikropml,22503
2025-02-26,12,mikropml,22515
2025-02-27,29,mikropml,22544
2025-02-28,5,mikropml,22549
2025-03-01,11,mikropml,22560
2025-03-02,12,mikropml,22572
2025-03-03,22,mikropml,22594
2025-03-04,19,mikropml,22613
2025-03-05,44,mikropml,22657
2025-03-06,7,mikropml,22664
2025-03-07,7,mikropml,22671
2025-03-08,8,mikropml,22679
2025-03-09,0,mikropml,22679
2025-03-10,22,mikropml,22701
2025-03-11,23,mikropml,22724
2025-03-12,8,mikropml,22732
2025-03-13,13,mikropml,22745
2025-03-14,5,mikropml,22750
2025-03-15,27,mikropml,22777
2025-03-16,3,mikropml,22780
2025-03-17,10,mikropml,22790
2025-03-18,17,mikropml,22807
2025-03-19,24,mikropml,22831
2025-03-20,20,mikropml,22851
2025-03-21,19,mikropml,22870
2025-03-22,14,mikropml,22884
2025-03-23,15,mikropml,22899
2025-03-24,22,mikropml,22921
2025-03-25,15,mikropml,22936
2025-03-26,10,mikropml,22946
2025-03-27,7,mikropml,22953
2025-03-28,38,mikropml,22991
2025-03-29,6,mikropml,22997
2025-03-30,5,mikropml,23002
2025-03-31,5,mikropml,23007
2025-04-01,12,mikropml,23019
2025-04-02,10,mikropml,23029
2025-04-03,11,mikropml,23040
2025-04-04,9,mikropml,23049
2025-04-05,12,mikropml,23061
2025-04-06,7,mikropml,23068
2025-04-07,17,mikropml,23085
2025-04-08,8,mikropml,23093
2025-04-09,13,mikropml,23106
2025-04-10,8,mikropml,23114
2025-04-11,10,mikropml,23124
2025-04-12,24,mikropml,23148
2025-04-13,9,mikropml,23157
2025-04-14,15,mikropml,23172
2025-04-15,29,mikropml,23201
2025-04-16,17,mikropml,23218
2025-04-17,15,mikropml,23233
2025-04-18,17,mikropml,23250
2025-04-19,16,mikropml,23266
2025-04-20,9,mikropml,23275
2025-04-21,14,mikropml,23289
2025-04-22,13,mikropml,23302
2025-04-23,35,mikropml,23337
2025-04-24,28,mikropml,23365
2025-04-25,15,mikropml,23380
2025-04-26,6,mikropml,23386
2025-04-27,8,mikropml,23394
2025-04-28,2,mikropml,23396
2025-04-29,11,mikropml,23407
2025-04-30,9,mikropml,23416
2025-05-01,12,mikropml,23428
2025-05-02,8,mikropml,23436
2025-05-03,10,mikropml,23446
2025-05-04,11,mikropml,23457
2025-05-05,8,mikropml,23465
2025-05-06,10,mikropml,23475
2025-05-07,15,mikropml,23490
2025-05-08,6,mikropml,23496
2025-05-09,6,mikropml,23502
2025-05-10,12,mikropml,23514
2025-05-11,1,mikropml,23515
2025-05-12,20,mikropml,23535
2025-05-13,22,mikropml,23557
2025-05-14,5,mikropml,23562
2025-05-15,10,mikropml,23572
2025-05-16,10,mikropml,23582
2025-05-17,16,mikropml,23598
2025-05-18,11,mikropml,23609
2025-05-19,15,mikropml,23624
2025-05-20,23,mikropml,23647
2025-05-21,8,mikropml,23655
2025-05-22,7,mikropml,23662
2025-05-23,8,mikropml,23670
2025-05-24,12,mikropml,23682
2025-05-25,8,mikropml,23690
2025-05-26,4,mikropml,23694
2025-05-27,3,mikropml,23697
2025-05-28,13,mikropml,23710
2025-05-29,6,mikropml,23716
2025-05-30,6,mikropml,23722
2025-05-31,0,mikropml,23722
2025-06-01,8,mikropml,23730
2025-06-02,3,mikropml,23733
2025-06-03,11,mikropml,23744
2025-06-04,11,mikropml,23755
2025-06-05,13,mikropml,23768
2025-06-06,5,mikropml,23773
2025-06-07,4,mikropml,23777
2025-06-08,2,mikropml,23779
2025-06-09,13,mikropml,23792
2025-06-10,2,mikropml,23794
2025-06-11,10,mikropml,23804
2025-06-12,6,mikropml,23810
2025-06-13,11,mikropml,23821
2025-06-14,13,mikropml,23834
2025-06-15,5,mikropml,23839
2025-06-16,8,mikropml,23847
2025-06-17,32,mikropml,23879
2025-06-18,56,mikropml,23935
2025-06-19,29,mikropml,23964
2025-06-20,15,mikropml,23979
2025-06-21,21,mikropml,24000
2025-06-22,2,mikropml,24002
2025-06-23,8,mikropml,24010
2025-06-24,6,mikropml,24016
2025-06-25,13,mikropml,24029
2025-06-26,5,mikropml,24034
2025-06-27,5,mikropml,24039
2025-06-28,6,mikropml,24045
2025-06-29,4,mikropml,24049
2025-06-30,6,mikropml,24055
2025-07-01,20,mikropml,24075
2025-07-02,21,mikropml,24096
2025-07-03,11,mikropml,24107
2025-07-04,11,mikropml,24118
2025-07-05,18,mikropml,24136
2025-07-06,8,mikropml,24144
2025-07-07,16,mikropml,24160
2025-07-08,19,mikropml,24179
2025-07-09,6,mikropml,24185
2025-07-10,15,mikropml,24200
2025-07-11,16,mikropml,24216
2025-07-12,4,mikropml,24220
2025-07-13,7,mikropml,24227
2025-07-14,19,mikropml,24246
2025-07-15,9,mikropml,24255
2025-07-16,12,mikropml,24267
2025-07-17,13,mikropml,24280
2025-07-18,7,mikropml,24287
2025-07-19,8,mikropml,24295
2025-07-20,5,mikropml,24300
2025-07-21,5,mikropml,24305
2025-07-22,14,mikropml,24319
2025-07-23,3,mikropml,24322
2025-07-24,5,mikropml,24327
2025-07-25,8,mikropml,24335
2025-07-26,13,mikropml,24348
2025-07-27,23,mikropml,24371
2025-07-28,1,mikropml,24372
2025-07-29,11,mikropml,24383
2025-07-30,34,mikropml,24417
2025-07-31,17,mikropml,24434
2025-08-01,8,mikropml,24442
2025-08-02,19,mikropml,24461
2025-08-03,13,mikropml,24474
2025-08-04,20,mikropml,24494
2025-08-05,15,mikropml,24509
2025-08-06,17,mikropml,24526
2025-08-07,26,mikropml,24552
2025-08-08,19,mikropml,24571
2025-08-09,21,mikropml,24592
2025-08-10,0,mikropml,24592
2025-08-11,0,mikropml,24592
